0.456343
0.13599
0.680624
1.32698
0.540208
1.15149
1.13771
0.20202
1.41248
0.936521
0.855232
0.684957
0.921818
1.02524
0.613562
0.825434
1.00124
0.897153
1.1598
0.678133
0.935716
0.594855
0.463222
0.594519
0.619745
0.831324
0.876717
1.34723
0.574084
0.840248
1.12734
0.894449
0.00558489
0.794769
0.531266
0.859737
0.761589
1.40154
0.78695
1.01545
0.389862
0.469283
0.61504
0.360637
1.00556
0.472335
0.372509
1.28325
0.632069
0.482345
0.550047
1.72694
0.607282
0.984069
0.779467
0.962188
0.794189
0.250526
0.987597
0.361339
0.470193
0.707144
0.552324
0.374248
0.314127
0.280337
0.817225
0.790954
1.20323
1.1188
0.0842006
0.556987
0.642616
0.905167
1.13822
0.347026
1.11278
0.829859
0.835292
0.632069
1.36313
1.14432
0.836299
1.21572
0.600677
1.15389
1.06973
0.298599
0.993713
1.09967
0.545872
1.09551
0.640095
0.646352
0.731712
1.07725
0.910117
0.946825
0.521226
0.806384
1.06503
1.13346
0.0951506
0.549834
0.506406
0.100479
0.13596
0.991968
0.396271
0.867684
0.898471
0.330546
1.0211
1.15551
2.31611
1.53777
1.08847
1.21941
2.17794
1.87234
1.80176
1.75662
1.98526
1.60558
1.862
1.39556
1.75122
1.92366
1.48271
1.81488
2.06399
1.38489
2.52703
1.60694
1.86411
1.36131
1.61089
1.10416
1.9646
2.37454
2.94745
1.90974
1.76809
2.04851
2.71933
1.20612
1.10939
1.22663
1.59812
1.36061
2.30457
1.71538
1.68782
2.49424
2.10786
1.21067
2.47513
1.73952
1.32834
1.2465
1.11137
1.78146
2.04715
1.54842
1.1951
1.71295
1.59571
2.12623
1.69071
2.34888
1.8952
1.82408
2.19077
2.05636
2.4641
1.56572
2.03841
1.91321
1.37802
1.94411
1.41737
1.52318
1.96049
2.24927
2.73483
1.29619
0.527326
1.57563
1.2639
2.82536
2.16095
1.91313
2.29221
1.5252
1.12077
2.17447
2.36799
2.24607
1.67161
1.78935
2.39545
4.43745
1.48813
1.66538
2.00812
2.33114
3.11822
2.32514
1.98418
0.95053
1.93646
1.76372
2.10373
2.35388
1.0927
2.57148
2.76333
3.12809
1.71413
1.37648
2.76874
1.65725
1.79721
1.99847
0.761162
0.669515
1.32782
2.80188
0.433076
2.02966
1.21549
0.20202
1.87017
1.63299
0.948387
1.09787
2.2982
1.3096
1.66701
1.49243
1.60161
1.22149
1.46728
0.740306
1.57651
0.808008
1.50852
0.909091
0.799377
2.09904
1.36558
1.35521
1.9566
2.0442
1.30465
1.53408
0.850313
1.43756
0.813001
1.08791
1.36648
1.23021
0.978509
1.85512
0.672304
1.69797
0.847066
0.564367
1.80513
0.630921
0.762255
1.02443
1.43268
1.10739
0.685647
2.26964
0.595868
1.82731
1.61204
2.06978
2.70912
0.558629
1.30072
0.743785
0.973565
0.707144
1.50615
0.622816
0.385601
0.927293
1.96933
1.52925
1.43901
1.06542
0.906748
1.42679
0.517405
1.13756
1.48931
0.800348
1.12252
1.35485
0.835292
1.081
1.49714
1.60029
1.46175
1.78622
1.25958
1.27462
1.69193
0.506027
1.84138
1.32286
1.04529
1.22177
1.65171
0.894858
1.26526
2.15434
1.48057
1.65626
0.769524
1.59655
1.18762
1.8693
0.494662
0.795691
1.20654
0.251314
0.851411
1.41312
0.600366
1.1097
1.5115
0.450606
1.59691
2.05367
2.97529
2.52273
1.74358
1.20271
2.17794
2.5396
2.1815
2.06869
3.11634
2.59799
2.68905
2.1497
2.51212
2.00481
1.61043
3.75199
2.03389
2.4263
3.15049
2.10744
2.71203
2.19084
2.83572
1.52676
2.97119
2.98882
3.1537
2.17713
2.33957
2.4502
3.07094
1.32497
1.77329
1.22663
1.70961
1.88958
2.43123
1.97914
2.17632
2.90249
2.13831
1.69662
3.06282
2.62174
2.57246
1.39191
1.50369
2.49392
2.68097
2.12213
2.02636
2.61165
2.89011
2.43818
2.05033
2.47099
2.15239
2.64023
2.78566
3.16639
2.8658
2.26139
2.64801
1.5373
2.54165
1.93996
1.74795
1.98706
2.27347
2.9556
3.29557
1.61325
0.980123
3.03095
1.4153
3.37631
2.90526
2.02023
3.27003
1.83136
2.2492
2.93222
2.94599
3.13042
2.00634
2.22619
2.98718
5.01081
2.30253
2.28134
2.61658
2.81335
3.32385
3.28299
2.99693
1.79694
1.91004
2.87258
2.8207
3.99931
1.87162
3.05942
2.66529
2.96583
2.10554
1.37648
2.62206
2.28297
1.96
1.99847
0.456343
0.13599
0.680624
1.32698
0.232093
0.780798
0.968407
0.20202
1.41248
0.936521
0.544212
0.684957
0.784497
1.10385
0.234584
0.825434
0.789148
1.14025
0.822474
0.74304
0.91146
0.773827
0.463527
0.594519
0.431104
0.8944
0.526304
1.02201
0.574084
0.840248
0.834968
0.894449
0.00558489
0.480782
0.531266
0.823212
0.761589
1.27322
0.78695
1.01545
0.389862
0.469283
0.763042
0.281411
1.00556
0.472335
0.446693
1.02443
0.632069
0.631715
0.322062
1.46576
0.268746
0.984069
0.742808
0.970879
1.06594
0.250526
0.987597
0.361339
0.470193
0.707144
0.597626
0.374248
0.314127
0.280337
0.817225
0.790954
1.10127
0.763848
0.153063
0.556987
0.517405
0.774389
1.05122
0.347026
0.72866
0.829859
0.835292
0.928648
1.24982
1.45529
0.986987
1.21572
0.666146
1.02272
0.920835
0.425678
0.614209
1.09967
0.545872
0.919175
0.640095
1.0254
0.731712
1.07725
0.910117
0.978124
0.521226
0.806384
0.733531
1.51102
0.442061
0.19798
0.609558
0.100479
0.13596
1.07782
0.333244
1.24644
0.898471
0.426997
1.0211
1.18712
2.68116
1.38104
1.08847
1.20271
2.55834
1.50652
1.86776
1.70994
1.98526
1.94453
1.862
1.3667
1.75122
1.92366
1.48271
2.17706
1.88812
1.38489
2.2995
1.84606
1.86411
1.19746
1.90116
1.10416
1.9646
2.37454
3.0769
1.97954
1.76382
2.04851
2.39055
1.20612
1.10939
1.52518
1.43962
1.36061
2.11864
1.71538
1.94793
2.36201
1.97937
1.47978
2.47513
1.73952
1.29117
0.934486
1.11137
1.43543
2.04715
1.54842
1.1951
1.71295
1.59571
2.0378
1.69071
2.14855
1.8952
1.82408
1.89685
2.05636
2.4641
1.5333
2.03841
1.5373
1.28667
1.73148
1.41737
1.52318
1.58451
2.24927
2.64401
1.38018
0.527326
1.81669
1.49772
2.4669
1.9653
1.77054
2.41913
1.5252
1.21195
1.90779
2.36799
2.50232
1.67161
1.79066
2.39545
4.43745
1.48813
1.66538
2.00812
2.33114
3.11822
2.32514
1.98418
1.07927
1.79862
1.76372
2.10373
2.35388
1.0927
2.57148
2.52327
2.9184
1.74267
1.37648
2.54605
1.79558
2.04203
1.99847
0.456343
0.13599
0.680624
1.32698
0.232093
0.780798
0.968407
0.20202
1.41248
0.936521
0.544212
0.684957
0.784497
1.02524
0.234584
0.825434
0.789148
0.897153
0.822474
0.678133
0.755107
0.594855
0.463222
0.594519
0.431104
0.831324
0.526304
1.02201
0.574084
0.840248
0.834968
0.894449
0.00558489
0.480782
0.531266
0.789996
0.761589
1.04786
0.78695
1.01545
0.389862
0.469283
0.61504
0.135765
1.00556
0.472335
0.372509
1.02443
0.632069
0.482345
0.322062
1.46576
0.268746
0.984069
0.742808
0.962188
0.794189
0.250526
0.987597
0.361339
0.470193
0.707144
0.552324
0.374248
0.314127
0.280337
0.817225
0.790954
1.10127
0.763848
0.0842006
0.556987
0.517405
0.774389
1.05122
0.347026
0.72866
0.829859
0.835292
0.632069
1.15808
1.14432
0.836299
1.21572
0.600677
1.02272
0.920835
0.109775
0.614209
1.09967
0.545872
0.829878
0.640095
0.646352
0.731712
1.07725
0.910117
0.877255
0.521226
0.806384
0.733531
1.13346
0.0613117
0.19798
0.506406
0.100479
0.13596
0.991968
0.333244
0.867684
0.898471
0.330546
1.0211
1.15551
2.31611
1.38104
1.08847
1.20271
2.17794
1.50652
1.65999
1.70994
1.98526
1.60558
1.862
1.3667
1.75122
1.92366
1.48271
1.81488
1.68344
1.38489
2.2995
1.60694
1.86411
1.19746
1.61089
1.10416
1.9646
2.37454
2.8356
1.89215
1.76382
2.04851
2.34239
1.20612
1.10939
1.22663
1.43962
1.36061
2.11864
1.71538
1.62011
2.36201
1.83152
1.21067
2.47513
1.73952
1.29117
0.934486
1.11137
1.43543
2.04715
1.54842
1.1951
1.71295
1.59571
1.92896
1.69071
2.14855
1.8952
1.82408
1.89685
2.05636
2.4641
1.5333
2.03841
1.5373
1.28667
1.73148
1.41737
1.52318
1.58451
2.24927
2.64401
1.29619
0.527326
1.57563
1.2639
2.44232
1.9653
1.77054
2.29221
1.5252
1.12077
1.84873
2.36799
2.20946
1.67161
1.78935
2.39545
4.43745
1.48813
1.66538
2.00812
2.33114
3.11822
2.32514
1.98418
0.95053
1.78463
1.76372
2.10373
2.35388
1.0927
2.57148
2.52327
2.9184
1.71413
1.37648
2.37341
1.65725
1.71029
1.99847
0.659706
0.498331
1.03875
1.32698
0.257375
1.1461
0.968407
0.247456
1.58267
0.989587
0.716947
1.03233
1.0608
1.02524
0.567602
0.825434
0.789148
1.13184
0.822474
0.678133
1.11335
0.628401
0.479214
0.966234
0.802148
1.13669
0.526304
1.02201
0.599499
1.01706
0.834968
0.972466
0.00558489
0.480782
0.531266
1.27719
1.09588
1.29575
0.78695
1.17267
0.767534
0.480526
0.99779
0.135765
1.00556
0.472335
0.372509
1.04048
0.93784
0.482345
0.322062
1.92842
0.635408
0.984069
0.965801
0.962188
0.855629
0.250526
0.987597
0.646944
0.470193
0.707144
0.552324
0.556188
0.314127
0.638368
0.817225
0.790954
1.10127
1.17784
0.0842006
1.023
0.517405
0.774389
1.05122
0.431538
0.72866
1.15145
0.835292
0.632069
1.35108
1.14432
0.836299
1.21572
0.600677
1.14532
0.983825
0.109775
0.999402
1.09967
0.921799
1.02052
0.70875
0.646974
0.740831
1.23041
1.2815
0.877255
0.521226
0.806384
1.38685
1.51656
0.258071
0.521244
0.745781
0.274166
0.305448
0.991968
0.333244
0.867684
0.999243
0.330546
1.0211
1.21864
2.31611
1.38104
1.08847
1.20271
2.21826
1.95945
1.65999
1.82264
1.98526
1.67208
2.05833
1.3667
1.75122
2.19687
1.7761
1.81488
1.68344
1.38489
2.2995
1.71443
1.90908
1.44222
1.61089
1.10416
2.70154
2.38804
2.8356
2.22844
1.76382
2.04851
2.40728
1.30173
1.48543
1.53005
1.43962
1.7036
2.11864
1.71538
1.81344
2.36201
2.15453
1.39614
2.55995
1.73952
1.29117
0.934486
1.29001
1.60119
2.43033
1.89498
1.23381
1.71295
1.64156
1.92896
1.92901
2.14855
2.00863
2.087
2.14771
2.05636
2.6618
1.5333
2.03841
1.5373
1.66832
1.73148
1.41737
1.58299
1.60491
2.24927
2.93267
1.56293
0.527668
1.60735
1.2639
2.84057
2.18697
1.88409
2.29221
1.85727
1.42853
1.84873
2.46445
2.20946
1.67161
1.78935
2.73186
4.75715
1.48813
1.66538
2.09855
2.70856
3.48373
2.58312
2.26242
0.95053
1.78463
1.76372
2.10373
2.35388
1.0927
2.7233
2.52327
2.9184
2.12865
1.37648
2.37341
1.65725
1.86959
2.38073
0.501547
0.695724
1.36019
2.19175
0.945128
0.873891
1.58334
0.642695
1.74673
1.53377
1.45709
1.22694
1.48166
1.70209
0.490573
1.27275
1.62142
1.19933
0.969304
1.74556
1.35644
1.06395
0.815833
1.16199
1.16559
1.4171
0.526304
1.8064
0.874545
0.840248
1.42388
1.2047
0.00558489
0.895883
0.541179
1.23623
1.33708
1.52688
1.22221
1.62231
0.918943
0.924302
0.972582
0.914634
1.356
0.935655
1.21061
1.39601
1.13372
0.968932
0.322062
2.31851
0.43097
1.32464
0.937822
0.962188
1.21859
0.442244
1.68492
0.668026
1.28842
0.816193
0.718882
0.833601
0.314127
0.916953
1.43314
1.21191
1.10127
0.925291
0.0842006
0.982952
0.569323
1.75907
1.42688
0.417548
0.943364
1.39275
0.835292
1.6189
1.28576
2.34422
0.853133
1.62429
1.93044
1.83771
1.28675
0.315909
1.55922
1.09967
1.21796
1.306
1.02752
1.41102
1.25691
1.60721
0.95764
1.31443
0.938255
0.902115
0.733531
2.07112
0.44405
0.51973
0.506406
0.403528
1.06293
1.23
0.54984
1.00912
1.46735
0.644996
1.26011
1.15551
2.31611
1.53906
1.52108
1.82228
2.62664
2.56409
2.01086
2.33832
2.14851
1.84057
2.24742
1.75376
1.99438
2.6066
1.65026
1.94998
1.95607
1.53542
2.62035
2.00455
2.34255
1.19746
1.61089
2.28713
2.44378
2.75662
3.11191
2.22563
2.39634
2.46897
2.88562
1.89373
1.10939
1.97005
1.86544
1.41127
2.11864
2.46432
2.0701
2.52725
2.07747
2.02344
2.82695
2.38896
1.48162
1.07087
1.51183
2.02105
2.23148
1.62532
1.99796
1.96067
1.96819
1.92896
1.69071
2.88194
1.97941
2.64201
2.43369
2.76208
2.66211
1.99878
2.66409
1.80455
1.41664
2.38825
1.76881
1.52318
1.79067
2.58762
2.75142
1.47923
1.05471
1.69671
1.66506
3.18989
1.9653
2.74526
2.42495
1.66043
1.74349
2.68094
2.65724
2.84714
2.22811
2.26982
2.87649
4.52246
1.48813
2.02362
2.11261
2.7229
3.50871
2.8585
2.73963
1.26861
2.47588
1.98327
2.55352
3.01148
1.47543
3.17705
2.66637
3.29725
2.13974
1.94632
2.47662
1.77317
1.71029
2.37636
0.70679
0.695724
1.36019
1.90394
0.75772
0.780798
1.67762
0.879739
1.74673
1.53377
1.45709
1.09332
1.21704
1.48252
0.75999
1.06427
1.48972
1.39025
0.972723
1.96693
1.556
1.06395
0.815833
1.53382
0.980926
1.4171
0.623524
1.45502
0.874545
0.840248
1.42388
1.34259
0.00558489
0.637184
0.541179
1.52527
0.999438
1.7839
1.19769
1.61899
1.19916
0.78731
1.27647
0.914634
1.10819
0.962304
1.21061
1.39601
1.13372
0.968932
0.322062
1.93891
0.43097
1.32464
0.742808
0.962188
1.21859
0.82862
1.93
0.668026
1.216
0.707144
0.970647
0.493429
0.314127
0.680129
1.43314
1.21191
1.10127
0.967992
0.0842006
0.873794
0.569323
1.39606
1.42688
0.417548
0.943364
1.18889
1.16102
1.82505
1.28576
2.34422
0.836299
1.62639
1.84421
1.91698
1.29848
0.315909
1.90855
1.09967
0.831977
1.17057
1.02752
1.41102
1.25691
1.60721
0.95764
1.14168
0.938255
0.88002
0.733531
1.70475
0.5635
0.254598
0.506406
0.42599
0.93552
0.991968
0.54984
0.922678
1.46735
0.644996
1.26011
1.15551
2.31611
1.53906
1.47968
1.84896
2.72222
2.56409
2.01086
1.97926
2.14851
1.84057
2.24742
1.43089
1.99438
2.80105
1.78773
2.26515
1.95607
1.38489
2.4201
2.00455
2.2181
1.19746
1.61089
2.28713
2.46656
2.75662
2.8425
2.46656
2.39634
2.46897
2.49977
1.64727
1.10939
1.97005
1.77868
1.41127
2.29885
2.65958
2.04643
2.87443
2.07747
2.02344
2.82695
2.38896
1.48162
1.07087
1.2362
1.64906
2.51927
1.62532
2.02128
2.11999
1.96819
1.92896
1.89241
2.88194
1.97941
2.70113
2.23646
2.76208
2.66211
1.87649
3.02001
1.80455
1.41664
2.38825
1.6715
1.54575
1.79067
2.58762
2.75142
1.53913
1.05471
1.69671
1.66506
2.84177
1.9653
2.74526
2.42495
1.66043
1.65714
2.82794
2.65724
3.07807
2.54302
2.11659
2.87649
4.63066
1.61949
2.02362
2.11261
2.67855
3.65286
2.80346
2.97686
1.26861
2.47588
1.98327
2.45127
3.01148
1.47543
3.17705
2.52327
3.20318
1.86027
1.94632
2.69152
1.77317
1.71029
2.74925
0.761284
0.94279
1.36019
2.14187
0.75772
1.16428
1.58334
0.642695
1.74673
1.53937
1.53287
1.35036
1.27401
1.63877
0.415668
1.06427
1.52765
1.44673
0.969304
1.96984
1.35644
1.06395
0.815833
1.16199
1.25269
1.4171
0.526304
1.45502
0.874545
0.840248
1.42388
1.1174
0.00558489
0.734111
0.541179
1.23623
1.06154
1.52688
1.12325
1.60917
1.0417
0.78731
0.972582
0.914634
1.10819
0.687869
1.21061
1.39601
1.13372
0.968932
0.322062
1.93891
0.43097
1.32464
0.742808
0.962188
1.21859
0.442244
2.02697
0.668026
1.00147
1.01096
0.718882
0.493429
0.314127
0.680129
1.43314
1.21191
1.10127
1.23822
0.455098
1.21254
0.569323
1.39606
1.75355
0.621497
1.09549
1.18889
0.835292
1.6189
1.39462
2.40294
0.836299
1.41346
1.58312
1.57621
1.28675
0.315909
1.55922
1.09967
1.21111
1.17057
1.02752
1.61197
1.52906
1.60721
0.96798
1.39824
0.938255
1.26394
0.733531
1.70475
0.456697
0.254598
0.506406
0.218061
0.684866
1.34399
0.54984
1.01355
1.77368
0.644996
1.40538
1.15551
2.31611
1.53906
1.47968
1.82228
2.4629
2.56409
2.01086
1.94642
2.4531
1.96983
2.29385
1.43089
2.30313
2.91319
1.87961
2.15956
1.95607
1.77405
2.4201
2.00455
2.2181
1.19746
1.61089
2.28713
2.82874
2.75662
2.8425
2.22563
2.49513
2.46897
2.7491
1.64727
1.25356
2.16168
1.77868
1.61538
2.11864
2.67125
1.96562
2.52725
2.07747
2.02344
2.89591
2.38896
1.48162
1.15562
1.2362
1.64906
2.34412
1.62532
1.74452
1.96067
1.96819
1.92896
1.69071
3.17427
1.97941
2.64201
2.49082
2.82135
2.76194
2.24243
2.66409
1.80455
1.4741
2.38825
1.99031
1.76339
1.79067
2.58762
2.75142
1.47923
1.05471
1.69671
1.66506
3.10889
1.97764
3.08696
2.42495
1.66043
1.65714
2.68094
2.65724
2.84714
2.20439
2.29463
2.87649
4.52246
1.63176
2.02362
2.26821
2.67855
3.6076
3.07947
2.73963
1.37125
2.47588
1.98327
2.45127
3.28368
1.47543
3.26491
2.52327
3.2814
2.25574
2.05952
2.41998
1.77317
1.71029
2.37636
0.761162
1.06041
1.32782
2.80188
0.433076
2.02966
1.21549
0.289511
1.87017
1.93803
0.948387
1.09787
2.4432
1.3096
1.66701
1.49243
1.60161
1.22149
1.46728
1.05692
1.57651
0.808008
1.50852
0.909091
0.905802
2.09904
1.36558
1.35521
2.13128
2.38606
1.42747
1.53408
0.850313
1.60325
0.813001
1.10059
1.36648
1.3334
1.17705
1.97498
0.672304
1.92399
0.847066
0.564367
1.80513
0.799127
1.06662
1.03014
1.68481
1.10739
0.685647
2.26964
0.595868
1.82731
1.74411
2.1831
2.70912
0.558629
1.30072
0.814515
1.25304
0.707144
1.50615
0.622816
0.385601
0.927293
1.96933
1.67885
1.43901
1.06542
1.15163
1.59667
0.517405
1.13756
1.8272
0.800348
1.12252
1.65176
0.835292
1.081
1.49714
1.60029
1.46175
1.78622
1.25958
1.27462
2.00225
0.506027
1.84138
1.32286
1.04529
1.22177
1.65171
1.28462
1.55427
2.15434
1.67873
1.65626
0.769524
1.88348
1.18762
1.927
0.494662
1.13
1.20654
0.251314
0.851411
1.41312
0.854268
1.1097
1.5115
0.826911
1.67199
2.05367
2.97529
2.52273
1.74358
1.20271
2.17794
2.5396
2.1815
2.11809
3.11634
2.66528
2.68905
2.1497
2.51212
2.00481
1.96833
4.13025
2.03389
2.4263
3.15049
2.10744
2.71203
2.33819
3.01922
1.52676
3.13872
2.98882
3.1537
2.17713
2.34212
2.75902
3.16513
1.32497
1.81967
1.22663
1.70961
1.88958
2.43123
1.97914
2.23683
2.94666
2.13831
1.69662
3.34889
2.62174
2.57246
1.39191
1.90265
2.49392
2.68097
2.12213
2.02636
2.61165
3.28337
2.70975
2.25324
2.47099
2.31933
2.64023
2.78566
3.16639
2.8658
2.6576
2.86474
1.5373
2.63566
1.93996
1.74795
1.98706
2.27347
2.9556
3.40681
1.61325
0.980123
3.03095
1.4153
3.37631
3.07461
2.02023
3.27003
1.83136
2.36428
2.93222
2.94599
3.13042
2.30016
2.22619
2.98718
5.26603
2.30253
2.28134
2.61658
2.81335
3.32385
3.28299
3.10485
2.16656
1.91004
3.26173
2.93538
3.99931
1.87162
3.36971
2.66529
2.96583
2.41592
1.37648
3.01136
2.28297
1.96
1.99847
0.456343
0.13599
0.680624
1.32698
0.575744
0.780798
0.968407
0.311533
1.41248
1.11291
0.544212
0.684957
0.784497
1.17416
0.234584
0.825434
0.789148
1.14025
0.822474
0.74304
1.25803
1.12805
0.463527
0.594519
0.431104
0.92581
0.589245
1.02201
0.660451
0.846815
0.834968
0.894449
0.00558489
0.480782
0.543291
0.823212
0.761589
1.27322
0.78695
1.01545
0.389862
0.469283
0.763042
0.305741
1.00556
0.472335
0.446693
1.08303
0.7189
0.631715
0.322062
1.46576
0.268746
1.36877
0.742808
1.30684
1.19493
0.550963
0.987597
0.361339
0.615644
0.707144
0.907083
0.374248
0.314127
0.600439
0.962273
0.949565
1.10127
0.763848
0.153063
0.556987
0.517405
0.774389
1.07946
0.347026
0.72866
0.829859
0.835292
0.928648
1.44541
1.45529
0.986987
1.32027
0.666146
1.02272
0.920835
0.425678
0.614209
1.09967
0.78471
1.03414
0.640095
1.35259
0.731712
1.07725
0.998413
0.978124
0.547679
0.806384
0.777551
1.51102
0.591528
0.19798
0.609558
0.100479
0.13596
1.07782
0.397479
1.24644
1.21685
0.426997
1.0211
1.18712
2.68494
1.38104
1.08847
1.20271
2.55834
1.50652
2.15603
1.70994
2.17678
1.94453
1.99517
1.3667
1.76709
1.92366
1.48271
2.29717
1.88812
1.38489
2.2995
1.84606
1.86411
1.19746
1.90116
1.10416
1.9646
2.77298
3.0769
2.22845
1.76382
2.26909
2.50713
1.20612
1.27327
1.52518
1.43962
1.56442
2.11864
1.71538
1.94793
2.36201
1.97937
1.47978
2.47513
1.73952
1.29117
0.934486
1.11137
1.75347
2.04715
1.54842
1.26644
1.71295
1.90979
2.14534
1.69071
2.35002
1.8952
1.82408
1.89685
2.05636
2.79122
1.89346
2.03841
1.5373
1.28667
1.78294
1.41737
1.52318
1.58451
2.24927
2.64401
1.38018
0.527326
1.81669
1.49772
2.61867
2.0788
2.14672
2.41913
1.5252
1.27019
1.90779
2.36799
2.50232
1.67161
1.79066
2.39545
4.43745
1.48813
2.0496
2.00812
2.57221
3.11822
2.50866
1.98418
1.07927
1.79862
1.76372
2.49909
2.54332
1.0927
2.57148
2.90839
2.9184
1.74267
1.49123
2.54605
1.92072
2.04203
2.13671
